50,1
50,3
0,273
0,270
3,2
3,1
3,3
10,15
10,113
10,295
10,231
10,69
10,309
10,179
10,2
10,3
11,23
11,25
11,11
11,5
11,13
11,2
11,3
9,7
9,1
9,5
9,2
9,3
8,13
8,15
8,16
8,9
8,11
8,5
8,1
8,10
8,2
8,3
12,2
12,1
12,3
20,2
20,1
20,3
19,2
19,1
19,3
18,1
18,3
2,2
2,1
2,3
72,4
72,3
72,2
72,1
72,0
71,3
71,2
71,1
71,0
70,3
70,2
70,1
70,0
69,6
69,5
69,4
69,3
69,2
69,1
69,0
68,3
68,2
68,1
68,0
67,3
67,2
67,1
67,0
66,4
66,3
66,2
66,1
66,0
65,4
65,3
65,2
65,1
65,0
64,5
64,4
64,3
64,2
64,1
64,0
63,8
63,7
63,6
63,5
63,4
63,3
63,2
63,1
63,0
41,4
41,3
41,2
41,1
39,3
39,1
36,4
36,3
36,1
30,3
30,1
